service_id,monday,tuesday,wednesday,thursday,friday,saturday,sunday,start_date,end_date,events_and_status,operating_days,duty
27490,1,1,1,1,1,0,0,20260301,20260418,,muwtf,
27494,0,0,0,0,0,0,0,20260301,20260418,PHoff,muwtf,
27495,1,1,1,1,1,0,0,20260301,20260418,PHon,muwtf,
27496,0,0,0,0,0,0,0,20260301,20260418,R2off,muwtf,60-21
27497,1,1,1,1,1,0,0,20260301,20260418,R2on,muwtf,60-21
27498,0,0,0,0,0,0,0,20260301,20260418,R3off,muwtf,1L-12
27499,1,1,1,1,1,0,0,20260301,20260418,R3on,muwtf,1L-12
27500,0,0,0,0,0,0,0,20260301,20260418,RAoff,muwtf,53-01
27501,1,1,1,1,1,0,0,20260301,20260418,RAon,muwtf,53-01
27502,0,0,0,0,0,0,0,20260301,20260418,RDoff,muwtf,7-04
27505,0,0,0,0,0,0,0,20260301,20260418,RFoff,muwtf,88A-01
27508,0,0,0,0,0,0,0,20260301,20260418,RGoff,muwtf,88A-02
27509,0,0,0,0,0,0,0,20260301,20260418,RGoff,muwtf,54-07
27511,1,1,1,1,1,0,0,20260301,20260418,RGon,muwtf,88A-02
27515,0,0,0,0,0,0,0,20260301,20260418,RIoff,muwtf,A-09
27516,1,1,1,1,1,0,0,20260301,20260418,RIon,muwtf,A-09
27517,0,0,0,0,0,0,0,20260301,20260418,RLoff,muwtf,54-01
27518,0,0,0,0,0,0,0,20260301,20260418,RLoff,muwtf,51-09
27519,1,1,1,1,1,0,0,20260301,20260418,RLon,muwtf,51-09
27520,1,1,1,1,1,0,0,20260301,20260418,RLon,muwtf,54-01
27521,0,0,0,0,0,0,0,20260301,20260418,RNoff,muwtf,W-05
27524,0,0,0,0,0,0,0,20260301,20260418,ROoff,muwtf,40-08
27527,0,0,0,0,0,0,0,20260301,20260418,RQoff,muwtf,60-23
27528,0,0,0,0,0,0,0,20260301,20260418,RQoff,muwtf,60-04
27533,0,0,0,0,0,0,0,20260301,20260418,RRoff,muwtf,123-02
27536,0,0,0,0,0,0,0,20260301,20260418,RUoff,muwtf,E-01
27537,0,0,0,0,0,0,0,20260301,20260418,RUoff,muwtf,42-10
27538,0,0,0,0,0,0,0,20260301,20260418,RUoff,muwtf,E-02
27539,0,0,0,0,0,0,0,20260301,20260418,RUoff,muwtf,42-15
27542,1,1,1,1,1,0,0,20260301,20260418,RUon,muwtf,42-10
27543,1,1,1,1,1,0,0,20260301,20260418,RUon,muwtf,42-15
27546,0,0,0,0,0,0,0,20260301,20260418,RVoff,muwtf,10-01
27547,0,0,0,0,0,0,0,20260301,20260418,RVoff,muwtf,10-02
27548,0,0,0,0,0,0,0,20260301,20260418,RVoff,muwtf,PH6-01
27549,0,0,0,0,0,0,0,20260301,20260418,RVoff,muwtf,W-11
27550,1,1,1,1,1,0,0,20260301,20260418,RVon,muwtf,PH6-01
27551,1,1,1,1,1,0,0,20260301,20260418,RVon,muwtf,10-01
27552,1,1,1,1,1,0,0,20260301,20260418,RVon,muwtf,10-02
27553,1,1,1,1,1,0,0,20260301,20260418,RVon,muwtf,W-11
27555,1,1,1,1,1,0,0,20260419,20260530,,muwtf,
27559,0,0,0,0,0,0,0,20260419,20260530,PHoff,muwtf,
27560,1,1,1,1,1,0,0,20260419,20260530,PHon,muwtf,
27561,0,0,0,0,0,0,0,20260419,20260530,R2off,muwtf,60-21
27562,1,1,1,1,1,0,0,20260419,20260530,R2on,muwtf,60-21
27563,0,0,0,0,0,0,0,20260419,20260530,R3off,muwtf,1L-12
27564,1,1,1,1,1,0,0,20260419,20260530,R3on,muwtf,1L-12
27565,0,0,0,0,0,0,0,20260419,20260530,RAoff,muwtf,53-01
27566,1,1,1,1,1,0,0,20260419,20260530,RAon,muwtf,53-01
27567,0,0,0,0,0,0,0,20260419,20260530,RDoff,muwtf,7-04
27570,0,0,0,0,0,0,0,20260419,20260530,RFoff,muwtf,88A-01
27573,0,0,0,0,0,0,0,20260419,20260530,RGoff,muwtf,88A-02
27574,0,0,0,0,0,0,0,20260419,20260530,RGoff,muwtf,54-07
27576,1,1,1,1,1,0,0,20260419,20260530,RGon,muwtf,88A-02
27580,0,0,0,0,0,0,0,20260419,20260530,RIoff,muwtf,A-09
27581,1,1,1,1,1,0,0,20260419,20260530,RIon,muwtf,A-09
27582,0,0,0,0,0,0,0,20260419,20260530,RLoff,muwtf,54-01
27583,0,0,0,0,0,0,0,20260419,20260530,RLoff,muwtf,51-09
27584,1,1,1,1,1,0,0,20260419,20260530,RLon,muwtf,51-09
27585,1,1,1,1,1,0,0,20260419,20260530,RLon,muwtf,54-01
27586,0,0,0,0,0,0,0,20260419,20260530,RNoff,muwtf,W-05
27589,0,0,0,0,0,0,0,20260419,20260530,ROoff,muwtf,40-08
27592,0,0,0,0,0,0,0,20260419,20260530,RQoff,muwtf,60-23
27593,0,0,0,0,0,0,0,20260419,20260530,RQoff,muwtf,60-04
27598,0,0,0,0,0,0,0,20260419,20260530,RRoff,muwtf,123-02
27601,0,0,0,0,0,0,0,20260419,20260530,RUoff,muwtf,E-01
27602,0,0,0,0,0,0,0,20260419,20260530,RUoff,muwtf,42-10
27603,0,0,0,0,0,0,0,20260419,20260530,RUoff,muwtf,E-02
27604,0,0,0,0,0,0,0,20260419,20260530,RUoff,muwtf,42-15
27607,1,1,1,1,1,0,0,20260419,20260530,RUon,muwtf,42-10
27608,1,1,1,1,1,0,0,20260419,20260530,RUon,muwtf,42-15
27611,0,0,0,0,0,0,0,20260419,20260530,RVoff,muwtf,10-01
27612,0,0,0,0,0,0,0,20260419,20260530,RVoff,muwtf,10-02
27613,0,0,0,0,0,0,0,20260419,20260530,RVoff,muwtf,PH6-01
27614,0,0,0,0,0,0,0,20260419,20260530,RVoff,muwtf,W-11
27615,1,1,1,1,1,0,0,20260419,20260530,RVon,muwtf,PH6-01
27616,1,1,1,1,1,0,0,20260419,20260530,RVon,muwtf,10-01
27617,1,1,1,1,1,0,0,20260419,20260530,RVon,muwtf,10-02
27618,1,1,1,1,1,0,0,20260419,20260530,RVon,muwtf,W-11
27489,0,0,0,0,0,1,0,20260301,20260418,,a,
27491,0,0,0,0,0,0,1,20260301,20260418,,s,
27492,0,0,0,0,0,0,0,20260301,20260418,,smuwtfa,
27493,0,0,0,0,0,0,1,20260301,20260418,PBon,s,
27503,1,0,0,0,0,0,0,20260301,20260418,RDon,m,7-04
27504,0,1,1,1,1,0,0,20260301,20260418,RDon,uwtf,7-04
27506,1,1,0,1,1,0,0,20260301,20260418,RFon,mutf,88A-01
27507,0,0,1,0,0,0,0,20260301,20260418,RFon,w,88A-01
27510,1,0,0,0,1,0,0,20260301,20260418,RGon,mf,54-07
27512,0,0,0,1,0,0,0,20260301,20260418,RGon,t,54-07
27513,0,1,0,0,0,0,0,20260301,20260418,RGon,u,54-07
27514,0,0,1,0,0,0,0,20260301,20260418,RGon,w,54-07
27522,1,1,0,1,1,0,0,20260301,20260418,RNon,mutf,W-05
27523,0,0,1,0,0,0,0,20260301,20260418,RNon,w,W-05
27525,1,0,1,0,1,0,0,20260301,20260418,ROon,mwf,40-08
27526,0,1,0,1,0,0,0,20260301,20260418,ROon,ut,40-08
27529,1,0,1,0,1,0,0,20260301,20260418,RQon,mwf,60-04
27530,1,0,1,0,1,0,0,20260301,20260418,RQon,mwf,60-23
27531,0,1,0,1,0,0,0,20260301,20260418,RQon,ut,60-04
27532,0,1,0,1,0,0,0,20260301,20260418,RQon,ut,60-23
27534,1,0,0,0,1,0,0,20260301,20260418,RRon,mf,123-02
27535,0,1,1,1,0,0,0,20260301,20260418,RRon,uwt,123-02
27540,1,1,0,1,1,0,0,20260301,20260418,RUon,mutf,E-02
27541,1,1,0,1,1,0,0,20260301,20260418,RUon,mutf,E-01
27544,0,0,1,0,0,0,0,20260301,20260418,RUon,w,E-01
27545,0,0,1,0,0,0,0,20260301,20260418,RUon,w,E-02
27554,0,0,0,0,0,1,0,20260419,20260530,,a,
27556,0,0,0,0,0,0,1,20260419,20260530,,s,
27557,0,0,0,0,0,0,0,20260419,20260530,,smuwtfa,
27558,0,0,0,0,0,0,1,20260419,20260530,PBon,s,
27568,1,0,0,0,0,0,0,20260419,20260530,RDon,m,7-04
27569,0,1,1,1,1,0,0,20260419,20260530,RDon,uwtf,7-04
27571,1,1,0,1,1,0,0,20260419,20260530,RFon,mutf,88A-01
27572,0,0,1,0,0,0,0,20260419,20260530,RFon,w,88A-01
27575,1,0,0,0,1,0,0,20260419,20260530,RGon,mf,54-07
27577,0,0,0,1,0,0,0,20260419,20260530,RGon,t,54-07
27578,0,1,0,0,0,0,0,20260419,20260530,RGon,u,54-07
27579,0,0,1,0,0,0,0,20260419,20260530,RGon,w,54-07
27587,1,1,0,1,1,0,0,20260419,20260530,RNon,mutf,W-05
27588,0,0,1,0,0,0,0,20260419,20260530,RNon,w,W-05
27590,1,0,1,0,1,0,0,20260419,20260530,ROon,mwf,40-08
27591,0,1,0,1,0,0,0,20260419,20260530,ROon,ut,40-08
27594,1,0,1,0,1,0,0,20260419,20260530,RQon,mwf,60-04
27595,1,0,1,0,1,0,0,20260419,20260530,RQon,mwf,60-23
27596,0,1,0,1,0,0,0,20260419,20260530,RQon,ut,60-04
27597,0,1,0,1,0,0,0,20260419,20260530,RQon,ut,60-23
27599,1,0,0,0,1,0,0,20260419,20260530,RRon,mf,123-02
27600,0,1,1,1,0,0,0,20260419,20260530,RRon,uwt,123-02
27605,1,1,0,1,1,0,0,20260419,20260530,RUon,mutf,E-02
27606,1,1,0,1,1,0,0,20260419,20260530,RUon,mutf,E-01
27609,0,0,1,0,0,0,0,20260419,20260530,RUon,w,E-01
27610,0,0,1,0,0,0,0,20260419,20260530,RUon,w,E-02
